10 100
48 30 46 28 79 33 59 47 48 69 
51 3 3 2 1
84 8 4 3 8 6 1 2 7 5
26 3 2 3 1
13 9 1 4 7 9 5 8 3 2 6
10 8 3 6 7 2 1 5 4 8
74 2 1 2
16 9 4 6 1 2 3 9 7 5 8
72 1 1
20 7 5 4 7 6 1 2 3
87 8 6 8 7 4 5 3 1 2
21 8 1 8 3 2 5 4 7 6
82 10 6 8 10 1 3 4 9 7 5 2
83 1 1
52 8 3 5 1 4 8 6 2 7
91 4 2 3 1 4
63 4 2 4 3 1
40 6 1 4 2 3 5 6
17 4 2 3 4 1
65 2 2 1
3 7 2 3 4 6 7 1 5
85 10 3 8 10 6 5 4 9 7 1 2
73 9 5 8 2 1 3 7 9 6 4
49 7 5 7 3 6 2 1 4
80 6 5 2 6 4 1 3
22 7 7 4 5 1 2 3 6
61 9 1 5 6 2 4 9 3 8 7
98 4 3 2 4 1
78 8 2 6 5 1 3 4 7 8
93 5 2 5 1 4 3
38 7 7 1 6 5 4 2 3
92 5 2 5 3 1 4
28 8 5 2 3 8 7 6 4 1
64 7 6 2 5 7 4 3 1
75 7 2 3 6 7 1 5 4
35 9 4 6 9 2 3 5 7 8 1
54 10 9 2 10 1 8 5 6 3 7 4
50 7 6 5 1 7 3 2 4
2 7 7 6 4 3 1 5 2
66 9 6 5 3 2 8 1 7 9 4
42 7 1 3 5 6 7 4 2
37 1 1
8 9 7 4 8 1 6 3 5 2 9
86 1 1
68 10 2 8 5 6 7 9 10 1 3 4
88 9 9 1 5 7 6 8 3 4 2
60 4 4 2 1 3
67 6 3 6 2 5 4 1
33 10 7 4 5 2 8 6 1 10 3 9
62 6 2 3 4 1 5 6
14 4 2 1 4 3
29 1 1
11 2 2 1
56 5 5 1 3 2 4
46 6 5 3 1 2 4 6
59 8 6 2 1 8 4 7 5 3
48 6 4 2 5 6 1 3
23 9 9 3 2 8 5 4 6 7 1
95 4 3 2 4 1
32 4 4 3 2 1
41 7 7 6 3 1 5 2 4
4 3 3 1 2
69 4 4 3 1 2
77 1 1
100 6 3 5 1 2 6 4
15 1 1
81 8 3 7 4 2 5 8 6 1
18 5 1 4 5 3 2
96 1 1
90 4 1 4 3 2
25 9 2 4 8 7 5 1 3 9 6
55 10 4 8 6 9 5 10 3 7 2 1
31 6 5 4 3 2 6 1
9 6 1 3 6 5 4 2
58 3 1 2 3
99 4 3 4 1 2
7 2 2 1
94 7 2 6 7 1 4 5 3
70 4 1 3 4 2
47 3 1 2 3
89 8 1 3 4 7 6 2 5 8
39 7 5 7 6 2 3 4 1
24 6 2 4 3 1 6 5
30 9 8 5 1 9 7 3 2 4 6
36 9 8 4 5 2 7 6 1 9 3
97 9 7 6 2 4 9 8 5 1 3
71 1 1
76 7 3 6 4 1 2 5 7
43 1 1
57 6 5 1 2 6 3 4
45 3 2 3 1
1 5 2 1 5 4 3
27 6 5 4 6 2 3 1
34 8 6 1 3 7 5 2 4 8
53 2 1 2
79 1 1
6 6 4 3 5 2 6 1
5 8 7 4 2 8 6 5 3 1
44 3 1 2 3
19 2 1 2
12 2 2 1
